   0.0000000000000000     
   0.0000000000000000     
   0.0000000000000000     
   0.0000000000000000     
   0.0000000000000000     
   0.0000000000000000     
   0.0000000000000000     
   0.0000000000000000     
   0.0000000000000000     
   0.0000000000000000     
   0.0000000000000000     
   28.828279043605157     
   17.144958272616449     
   12.791471959300914     
   81.057264249697312     
   95.039081519129709     
   312.95405933713829     
   337.07415371075064     
   335.34064208877493     
   749.34268940155255     
   826.27598568862709     
   817.10760790942345     
   1566.1829082410691     
   1656.8715709539333     
   1771.5991607706751     
   2999.5665089028580     
   3179.4149033984509     
   3382.3393848784231     
   3420.3765851752596     
   5338.0979923204259     
   5704.5021372989941     
   11906.401646041168     
   7419.6373135286394     
   10132.435728015653     
   9902.7228437677240     
   12335.356830809451     
   10526.008340891525     
   12628.536417976264     
   13135.563931960261     
   3871.3732848553313     
   4363.9185963604223     
   6728.7020060844779     
   7462.0441342229988     
   6458.7736361918805     
   783.93864528479719     
   1033.8364074588951     
   1211.6667499700923     
   2207.2010355964544     
   1536.7938201652237     
   1556.1243258519060     
   1888.8237883746979     
   1802.0487756003026     
   2056.0384131167561     
   2038.7756102392898     
   2160.6796271700468     
   2121.6143137671424     
   2207.2989268374754     
   2270.9592812525402     
   2633.6991721889453     
   1584.4809181936371     
   1853.0435783653368     
   1556.7120263579809     
   1609.9746211068232     
   1651.4130588962432     
   1178.3574388614861     
   1053.8161686813667     
   1236.4825811307314     
   1402.2076334573408     
   1156.5563398930549     
   880.35175770185651     
   824.96470961807393     
   909.74368684444539     
   488.33219382019826     
   469.88810570234318     
   47.949072023511135     
