 Header
   0.0000000000000000     
   11788.461437986218     
   11881.714129301014     
   12046.346851103133     
   12229.489377141565     
   12389.548198877657     
   12033.049934501159     
   11869.169225507316     
   11749.800817255064     
   11629.343072227935     
   11629.343072227935     
   11629.343072227935     
   11629.343072227935     
   11629.343072227935     
   11629.343072227935     
   11629.343072227935     
   11629.343072227935     
   11629.343072227935     
   11629.343072227935     
   11629.343072227935     
   11629.343072227935     
   11629.343072227935     
   11629.343072227935     
   11629.343072227935     
   11629.343072227935     
   11629.343072227935     
   11629.343072227935     
   11629.343072227935     
   11629.343072227935     
   11629.343072227935     
   11629.343072227935     
   11629.343072227935     
   11629.343072227935     
   11629.343072227935     
   11629.343072227935     
   11629.343072227935     
   11629.343072227935     
   11629.343072227935     
   11629.343072227935     
   11629.343072227935     
   11629.343072227935     
   11629.343072227935     
   11629.343072227935     
   11629.343072227935     
   11629.343072227935     
   11629.343072227935     
   11629.343072227935     
   11629.343072227935     
   11629.343072227935     
   11629.343072227935     
   11629.343072227935     
   11629.343072227935     
   11629.343072227935     
