 Header
   54241.241397637794     
   51477.310469063377     
   49076.809606657676     
   46805.536674335686     
   44661.078605888164     
   42575.652289594029     
   39574.605059888134     
   36607.411647079054     
   33467.371577361351     
   30006.042523484739     
   29641.987376882182     
   29064.703932231943     
   28612.517234294439     
   27427.107667866730     
   26263.698241707483     
   25201.232158430674     
   24095.945043278676     
   22955.362120075602     
   21819.835088809908     
   20739.975336572938     
   19599.267322832286     
   18541.904093144556     
   17543.609127054566     
   16535.720471628501     
   15616.224593000245     
   14855.176800974512     
   14018.427282960649     
   13460.978688978828     
   12259.424664568058     
   11153.626739042700     
   10149.801027881993     
   9245.4942530875323     
   8439.1496831872864     
   7730.3330053702111     
   7104.7054956514385     
   6543.9460610101087     
   6046.5472015649857     
   5620.4449403718245     
   5250.1232614692244     
   4929.0315281300373     
   4638.7734742269367     
   4357.7422073063881     
   4082.3766319617043     
   3809.4909071981488     
   3535.4871664694547     
   3258.2737787385513     
   2977.6929211407341     
   2696.7576198453335     
   2414.7544867668043     
   2129.6705710767333     
   1838.0732474803310     
   1495.6438556985315     
   988.52903164822476     
