 Header
   22633.326092293308     
   22438.966624172990     
   22591.764758907037     
   22731.378011088545     
   22858.614991313483     
   21935.856700871347     
   22299.564731517170     
   22401.765579242034     
   22492.695306571270     
   21903.612777475882     
   21988.204683572563     
   22168.870086626990     
   21356.517941581173     
   21292.954868924964     
   21187.839533036386     
   21032.669313586241     
   20958.255801990159     
   20889.750933420550     
   20977.545291210827     
   20949.667926895938     
   20927.647231896619     
   20812.928409227483     
   20655.532384393751     
   20486.063004779789     
   20353.638722628621     
   20102.608576468479     
   20091.722269793801     
   19046.843411871640     
   18929.405001196053     
   18807.749930181173     
   18690.499488815374     
   18576.726606426415     
   18465.300348415978     
   18369.843974513729     
   18293.980616644938     
   18220.867122849835     
   18141.215578483148     
   18078.173786961506     
   18022.647925195881     
   17986.122911494338     
   17971.385707633879     
   17960.320691170054     
   17952.490140220321     
   17948.235533936098     
   17946.009624435403     
   17943.875508979287     
   17938.721417478198     
   17934.259776185132     
   17931.750678218978     
   17932.546491670277     
   17976.664258203160     
   18131.406262767006     
   18302.223468235217     
