 Header
0.29599999999999999     
0.21600000000000000     
0.23200000000000001     
0.23999999999999999     
0.32800000000000001     
0.16000000000000000     
0.20799999999999999     
0.25600000000000001     
0.29199999999999998     
0.32000000000000001     
0.30399999999999999     
0.36799999999999999     
0.38000000000000000     
0.41999999999999998     
0.45200000000000001     
0.47599999999999998     
0.48399999999999999     
0.45600000000000002     
0.52400000000000002     
0.50800000000000001     
0.52800000000000002     
0.56000000000000005     
0.59999999999999998     
0.57599999999999996     
0.59999999999999998     
0.62400000000000000     
0.60799999999999998     
0.64400000000000002     
0.63600000000000001     
0.63200000000000001     
0.69599999999999995     
0.63200000000000001     
0.70399999999999996     
0.65600000000000003     
0.69599999999999995     
0.68000000000000005     
0.70399999999999996     
0.71199999999999997     
0.66800000000000004     
0.71599999999999997     
0.61599999999999999     
0.31200000000000000     
0.31600000000000000     
0.26800000000000002     
3.2000000000000001E-002
4.3999999999999997E-002
6.4000000000000001E-002
5.6000000000000001E-002
5.1999999999999998E-002
5.1999999999999998E-002
5.9999999999999998E-002
5.1999999999999998E-002
6.8000000000000005E-002
5.9999999999999998E-002
6.4000000000000001E-002
5.1999999999999998E-002
7.1999999999999995E-002
5.6000000000000001E-002
6.4000000000000001E-002
0.0000000000000000     
0.0000000000000000     
0.0000000000000000     
0.0000000000000000     
0.0000000000000000     
0.0000000000000000     
0.0000000000000000     
0.0000000000000000     
0.0000000000000000     
0.0000000000000000     
0.0000000000000000     
0.0000000000000000     
0.0000000000000000     
0.0000000000000000     
0.0000000000000000     
0.0000000000000000     
0.0000000000000000     
0.0000000000000000     
0.0000000000000000     
0.0000000000000000     
0.0000000000000000     
0.0000000000000000     
0.0000000000000000     
0.0000000000000000     
0.0000000000000000     
0.0000000000000000     
