 Header
  0.72244094488188981     
  0.71259842519685035     
  0.73720472440944884     
  0.76870078740157477     
  0.77657480314960625     
  0.56003937007874016     
  0.60728346456692917     
  0.61712598425196852     
  0.59448818897637801     
  0.29625984251968501     
  0.28937007874015747     
  0.31200787401574803     
  0.10531496062992125     
  0.10531496062992125     
  0.10728346456692914     
   9.7440944881889757E-002
   9.3503937007874016E-002
   8.9566929133858261E-002
   9.7440944881889757E-002
   9.1535433070866146E-002
   9.9409448818897642E-002
   9.6456692913385822E-002
   8.8582677165354326E-002
   8.4645669291338585E-002
   8.7598425196850391E-002
   7.2834645669291334E-002
   8.8582677165354326E-002
   0.0000000000000000     
   0.0000000000000000     
   0.0000000000000000     
   0.0000000000000000     
   0.0000000000000000     
   0.0000000000000000     
   0.0000000000000000     
   0.0000000000000000     
   0.0000000000000000     
   0.0000000000000000     
   0.0000000000000000     
   0.0000000000000000     
   0.0000000000000000     
   0.0000000000000000     
   0.0000000000000000     
   0.0000000000000000     
   0.0000000000000000     
   0.0000000000000000     
   0.0000000000000000     
   0.0000000000000000     
   0.0000000000000000     
   0.0000000000000000     
   0.0000000000000000     
   0.0000000000000000     
   0.0000000000000000     
   0.0000000000000000     
