 Header
  0.81102362204724410     
  0.75984251968503935     
  0.75787401574803148     
  0.78149606299212604     
  0.75590551181102361     
  0.37795275590551181     
  0.47244094488188976     
  0.48031496062992124     
  0.41535433070866140     
  0.10236220472440945     
  0.12204724409448819     
  0.16141732283464566     
   7.8740157480314960E-003
   2.1653543307086614E-002
   2.5590551181102362E-002
   2.7559055118110236E-002
   3.5433070866141732E-002
   4.1338582677165357E-002
   4.5275590551181105E-002
   3.9370078740157480E-002
   7.8740157480314960E-002
   5.3149606299212601E-002
   4.7244094488188976E-002
   5.1181102362204724E-002
   5.3149606299212601E-002
   4.5275590551181105E-002
   4.3307086614173228E-002
   0.0000000000000000     
   0.0000000000000000     
   0.0000000000000000     
   0.0000000000000000     
   0.0000000000000000     
   0.0000000000000000     
   0.0000000000000000     
   0.0000000000000000     
   0.0000000000000000     
   0.0000000000000000     
   0.0000000000000000     
   0.0000000000000000     
   0.0000000000000000     
   0.0000000000000000     
   0.0000000000000000     
   0.0000000000000000     
   0.0000000000000000     
   0.0000000000000000     
   0.0000000000000000     
   0.0000000000000000     
   0.0000000000000000     
   0.0000000000000000     
   0.0000000000000000     
   0.0000000000000000     
   0.0000000000000000     
   0.0000000000000000     
