 Header
  0.63385826771653542     
  0.66535433070866146     
  0.71653543307086609     
  0.75590551181102361     
  0.79724409448818900     
  0.74212598425196852     
  0.74212598425196852     
  0.75393700787401574     
  0.77362204724409445     
  0.49015748031496065     
  0.45669291338582679     
  0.46259842519685040     
  0.20275590551181102     
  0.18897637795275590     
  0.18897637795275590     
  0.16732283464566930     
  0.15157480314960631     
  0.13779527559055119     
  0.14960629921259844     
  0.14370078740157480     
  0.12007874015748031     
  0.13976377952755906     
  0.12992125984251968     
  0.11811023622047244     
  0.12204724409448819     
  0.10039370078740158     
  0.13385826771653545     
   0.0000000000000000     
   0.0000000000000000     
   0.0000000000000000     
   0.0000000000000000     
   0.0000000000000000     
   0.0000000000000000     
   0.0000000000000000     
   0.0000000000000000     
   0.0000000000000000     
   0.0000000000000000     
   0.0000000000000000     
   0.0000000000000000     
   0.0000000000000000     
   0.0000000000000000     
   0.0000000000000000     
   0.0000000000000000     
   0.0000000000000000     
   0.0000000000000000     
   0.0000000000000000     
   0.0000000000000000     
   0.0000000000000000     
   0.0000000000000000     
   0.0000000000000000     
   0.0000000000000000     
   0.0000000000000000     
   0.0000000000000000     
