 Header
  -8.1214142184533961E-002
  -7.8139725274627259E-002
  -7.5107526478115944E-002
  -7.2116972174088675E-002
  -6.9175332298283404E-002
  -6.6179221759237919E-002
  -6.3375939103079218E-002
  -6.0540741448920875E-002
  -5.7708413857296130E-002
  -5.5534229840431014E-002
  -5.3675692812796952E-002
  -5.1862463411259135E-002
  -5.0011372201461873E-002
  -4.8401326268922067E-002
  -4.6818222390514710E-002
  -4.5251402394898735E-002
  -4.3707645952965432E-002
  -4.2183931646717590E-002
  -4.0668909171860064E-002
  -3.9164664095335769E-002
  -3.7704487360785660E-002
  -3.6266943586555883E-002
  -3.4820303087782584E-002
  -3.3418659848846718E-002
  -3.2063369241547457E-002
  -3.0727577587865068E-002
  -2.9420112991806777E-002
  -2.8131952750411540E-002
  -2.6888903762659067E-002
  -2.5681157650198249E-002
  -2.4508346390818721E-002
  -2.3374404586351680E-002
  -2.2282203403373054E-002
  -2.1232092538052291E-002
  -2.0223561094224886E-002
  -1.9253096286606843E-002
  -1.8314364465947013E-002
  -1.7397505893750970E-002
  -1.6500482287187326E-002
  -1.5623736227903435E-002
  -1.4772681659140932E-002
  -1.3953351871744582E-002
  -1.3160653354637616E-002
  -1.2383512878108677E-002
  -1.1613006307572850E-002
  -1.0843534785787907E-002
  -1.0070506207193358E-002
  -9.2855123039177184E-003
  -8.4735531227654991E-003
  -7.6511063737108075E-003
  -6.2544525151575388E-003
  -4.5196410901013184E-003
  -2.4407818928203532E-003
