 Header
   15436.050847432958     
   15581.049682957146     
   15698.006340255915     
   15812.023739080096     
   15831.545782624471     
   15959.595677529673     
   15963.835321125440     
   15993.166255242964     
   16010.040115376636     
   16034.748236855181     
   16021.819279681577     
   16079.269273040227     
   16112.091640712606     
   16151.242240578227     
   16110.396274377983     
   15990.987294323635     
   15921.592776198833     
   15902.902242677368     
   15944.391374821678     
   15904.474739509407     
   15774.417488566047     
   15679.302374928942     
   15521.813998783287     
   15340.230364131519     
   15204.399220905896     
   15000.837754517030     
   14817.977623583905     
   14714.775075087788     
   14477.288967537152     
   14330.264417174112     
   16122.774378986349     
   15991.649202595336     
   15673.971713312334     
   15428.400710164606     
   15191.414406479609     
   15034.966470469259     
   14650.140516356088     
   14445.562131728968     
   14275.285791527211     
   14056.579168743632     
   13775.999908891081     
   13492.547811163095     
   13262.529549508892     
   12984.771940874802     
   12679.913886489701     
   12393.081929530568     
   12087.683703282468     
   11832.492407491474     
   11557.290526619219     
   11239.540054231506     
   10978.249200283113     
   10656.415299341827     
   10397.670243360875     
