 Header
   18860.036157032249     
   19076.175398410185     
   19402.736225630910     
   19711.212538185908     
   19938.371981752382     
   18158.836839936619     
   18614.578949200557     
   18605.502551799436     
   18443.012490617246     
   20958.342204847337     
   20841.025095876823     
   21155.653651291435     
   19633.321962078146     
   19614.570978722983     
   19631.231653559891     
   19454.912698135180     
   19367.567749041125     
   19326.384007828143     
   19491.019364815296     
   19424.660562305424     
   19506.717263251474     
   19470.641114850980     
   19323.413922903568     
   19260.366650645770     
   19301.312960496110     
   18990.987941282707     
   19270.332922988462     
   17604.908516952641     
   17604.908516952641     
   17604.908516952641     
   17604.908516952641     
   17604.908516952641     
   17604.908516952641     
   17604.908516952641     
   17604.908516952641     
   17604.908516952641     
   17604.908516952641     
   17604.908516952641     
   17604.908516952641     
   17604.908516952641     
   17604.908516952641     
   17604.908516952641     
   17604.908516952641     
   17604.908516952641     
   17604.908516952641     
   17604.908516952641     
   17604.908516952641     
   17604.908516952641     
   17604.908516952641     
   17604.908516952641     
   17604.908516952641     
   17604.908516952641     
   17604.908516952641     
